20260309000000
20260309182051
20260309200000
20260310000000
20260310100000
20260311000000
20260311000001
20260311100000
20260311120000
20260311120001
20260324000000
20260407000000
20260423000000
20260513110959
20260513111029
20260513154909
20260513161650
20260514181222
20260514182648
20260514210000
20260514210001
20260515000000
20260515000001
20260610000000
20260610100000
20260611000000
20260611000001
20260612100000
20260613000000
20260613100000
20260614000000
20260615000000
20260616000000
20260617000000
20260618000000
20260619000000
20260620000000
20260621000000
20260621100000
20260622000000
20260622100000
20260623000000
20260624000000
20260624000001
20260625000000
20260626000000
20260627000000
20260628000000
20260628100000
20260629000000
20260629100000
20260629200000
20260629300000
20260629400000
20260630000000
20260701000000
20260701100000
20260701200000
20260701300000
20260701400000
20260702000000
20260702100000
20260702200000
20260702300000
20260702400000
20260703000000
20260704000000
20260705000000
20260706000000
20260707000000
20260707000001
20260707000002
20260707000003
20260707000004
20260707000005
20260707000006
20260707000007
20260707000008
20260707000009
20260707000010
20260707000011
20260708000000
20260708000001
20260708000002
20260709000000
20260709000001
20260709000002
20260709000003
20260709000004
20260709000005
20260709000006
20260709000007
20260709000008
20260709000009
20260709000010
20260709000011
20260808200640
20260808200647
20260808200654
20260808200656
20260811120000
