20260518172437
20260518172611
20260518173104
20260518173223
20260521151640
20260522183035
20260522183825
20260522183844
20260522184944
20260522185005
20260602095330
20260602113340
20260602115307
20260603133527
20260603141714
20260603142755
20260603143035
20260603143106
20260603143123
20260603143133
20260603143241
20260603143639
20260603143707
20260603143808
20260603143826
20260603143914
20260605155646
20260605160757
20260605161737
20260605183139
20260605192747
20260610153001
20260610153247
20260610153602
20260610160423
20260610160431
20260610161738
20260610161839
20260610164649
20260611182239
20260611182753
20260611182843
20260611185036
20260611185206
20260701000000
20260701100000
20260701164548
20260701164710
20260701165757
20260701200000
20260701300000
20260701400000
20260702000000
20260702080222
20260702080524
20260702094030
20260702100000
20260702105237
20260702200000
20260702300000
20260702400000
20260705092805
20260705092828
20260705093129
20260705233529
20260705233559
20260705234029
20260705235017
20260709082711
20260709085528
20260709112032
20260709113207
20260709114345
20260709121614
20260709121706
20260709124115
20260709124627
20260709130732
20260709160631
